function aamass = Getaamass()
%% Function - get aamass table.

% aamass table
% two columns: (1)mono, (2)avge
aamass = [71.03711 71.0788%#ok
    114.53494 114.5962
    103.00919 103.1388
    115.02694 115.0886
    129.04259 129.1155
    147.06841 147.1766
    57.02146 57.0519
    137.05891 137.1411
    113.08406 113.1594
    114.04293 114.1038
    128.09496 128.1741
    113.08406 113.1594
    131.04049 131.1926
    114.04293 114.1038
    114.07931 114.1472
    97.05276 97.1167
    128.05858 128.1307
    156.10111 156.1875
    87.03203 87.0782
    101.04768 101.1051
    0.0 0.0
    99.06841 99.1326
    186.07931 186.2132
    113.08406 113.1594
    163.06333 163.1760
    128.55059 128.6231];