function aamass = GetaamassH()
%% Function - get aamass table.

% aamass table
% two columns: (1)mono, (2)avge
aamass = [72.0342 72.0342
    0.0000 0.0000
    104.0062 104.0062
    116.0240 116.0240
    130.0396 130.0396
    148.0655 148.0655
    58.0185 58.0185
    140.0500 140.0500
    114.0811 114.0811
    0.0000 0.0000
    130.0890 130.0890
    114.0811 114.0811
    132.0375 132.0375
    116.0370 116.0370
    0.0000 0.0000
    98.0498 98.0498
    130.0527 130.0527
    160.0893 160.0893
    88.0291 88.0291
    102.0447 102.0447
    0.0000 0.0000
    100.0655 100.0655
    188.0734 188.0734
    0.0000 0.0000
    164.0604 164.0604
    0.0000 0.0000];